CollectionProvince CollectionCity NumColonies BreederCity BreederProvince BreederCountry Subspecies.Group C A M
BritishColumbia GrandForks NA GrandForks BritishColumbia Canada Mixed 0.801 0.127 0.072
BritishColumbia GrandForks NA GrandForks BritishColumbia Canada Mixed 0.774 0.093 0.133
BritishColumbia Abbotsford NA NA BritishColumbia Canada NA 0.685 0.019 0.297
BritishColumbia Abbotsford NA NA BritishColumbia Canada NA 0.8 0.108 0.091
BritishColumbia WilliamsLake 10 NA NA NewZealand Italian/Carniola 0.787 0.005 0.208
BritishColumbia WilliamsLake 10 NA NA NA NA 0.756 0.041 0.202
BritishColumbia Abbotsford NA NA BritishColumbia Canada NA 0.802 0.061 0.137
BritishColumbia WilliamsLake 10 PittMeadows BritishColumbia Canada NA 0.768 0.003 0.23
BritishColumbia WilliamsLake 10 WilliamsLake BritishColumbia Canada Italian/Carniola 0.742 0.023 0.235
BritishColumbia WilliamsLake 10 WilliamsLake BritishColumbia Canada Italian/Carniola 0.777 0.087 0.136
BritishColumbia WilliamsLake 10 PittMeadows BritishColumbia Canada NA 0.797 0.133 0.07
BritishColumbia Abbotsford NA NA BritishColumbia Canada NA 0.646 0.127 0.227
BritishColumbia Malakwa 5 NA BritishColumbia Canada Carniola/Russian 0.746 0.052 0.202
BritishColumbia Malakwa 5 NA BritishColumbia Canada Carniola/Russian 0.73 0.182 0.089
BritishColumbia Malakwa 5 NA BritishColumbia Canada Carniola/Russian 0.607 0.206 0.187
BritishColumbia Malakwa 5 Malakwa BritishColumbia Canada Carniola/Russian 0.731 0.051 0.218
BritishColumbia Malakwa 5 NA BritishColumbia Canada Carniola/Russian 0.698 0.15 0.152
BritishColumbia Malakwa 5 Malakwa BritishColumbia Canada Carniola/Russian 0.687 0.133 0.18
Ontario Kemptville 5 Kemptville Ontario Canada Italian 0.77 0.017 0.213
Ontario Kemptville 5 Kemptville Ontario Canada Italian 0.801 0.014 0.184
Ontario Kemptville 5 PortHope Ontario Canada Italian 0.779 0.136 0.085
Ontario Kemptville 5 Kemptville Ontario Canada Italian 0.771 0.023 0.206
BritishColumbia Abbotsford NA NA BritishColumbia Canada NA 0.835 0.013 0.151
Ontario Kemptville 5 Kemptville Ontario Canada Italian 0.836 0.095 0.069
Ontario Kemptville 5 PortHope Ontario Canada Italian 0.807 0.006 0.187
BritishColumbia GrandForks 600 NA NA NA NA 0.625 0.165 0.21
BritishColumbia GrandForks 600 NA NA NA NA 0.801 0.031 0.168
BritishColumbia GrandForks 600 Jamie'sTrail BritishColumbia Canada NA 0.811 0.028 0.161
BritishColumbia GrandForks 600 NA NA NA NA 0.809 0.077 0.114
BritishColumbia GrandForks 600 NA NA NA NA 0.69 0.228 0.082
BritishColumbia GrandForks 600 NA NA NA NA 0.813 0.012 0.175
BritishColumbia Vanderhoof 42 NA Alberta Canada Italian 0.688 0.051 0.261
BritishColumbia Vanderhoof 42 NA NA NewZealand Carniola 0.903 0.002 0.095
BritishColumbia Abbotsford NA NA BritishColumbia Canada NA 0.744 0.06 0.196
BritishColumbia Vanderhoof 42 NA NA NewZealand Carniola 0.841 0.01 0.148
BritishColumbia Vanderhoof 42 NA NA NA Italian 0.755 0.012 0.234
BritishColumbia Vanderhoof 42 NA NA NewZealand Carniola 0.795 0.004 0.201
BritishColumbia Vanderhoof 42 NA Alberta Canada Italian 0.739 0.056 0.205
Newfoundland St.John's 7 Pasadena Newfoundland Canada Italian/Carniola 0.709 0.148 0.143
Newfoundland St.John's 7 Pasadena Newfoundland Canada Italian/Carniola 0.742 0.002 0.256
Newfoundland St.John's 7 Pasadena Newfoundland Canada Italian/Carniola 0.658 0.189 0.153
Newfoundland St.John's 7 Pasadena Newfoundland Canada Italian/Carniola 0.764 0.037 0.199
BritishColumbia Rosedale NA NA BritishColumbia Canada NA 0.745 0.041 0.215
BritishColumbia Rosedale NA NA BritishColumbia Canada NA 0.799 0.003 0.199
BritishColumbia LeeCreek 4 LeeCreek BritishColumbia Canada NA 0.846 0.027 0.127
Ontario Midmay 2 Kincardine Ontario Canada Italian 0.674 0.18 0.146
BritishColumbia Rosedale NA NA BritishColumbia Canada NA 0.751 0.06 0.19
Ontario Midmay 2 Midmay Ontario Canada Italian 0.688 0.014 0.298
BritishColumbia Rosedale NA NA BritishColumbia Canada NA 0.774 0.003 0.222
BritishColumbia RosePrairie 38 RosePrairie BritishColumbia Canada Caucasian 0.749 0.043 0.208
BritishColumbia RosePrairie 38 RosePrairie BritishColumbia Canada Caucasian 0.729 0.063 0.208
BritishColumbia RosePrairie 38 RosePrairie BritishColumbia Canada Caucasian 0.718 0.026 0.257
BritishColumbia RosePrairie 38 RosePrairie BritishColumbia Canada Caucasian 0.753 0.055 0.192
BritishColumbia RosePrairie 38 RosePrairie BritishColumbia Canada Caucasian 0.743 0.017 0.24
BritishColumbia RosePrairie 38 RosePrairie BritishColumbia Canada Caucasian 0.812 0.029 0.159
Ontario Grimsby 36 Grimsby Ontario Canada Italian 0.776 0.021 0.204
Ontario Grimsby 36 Grimsby Ontario Canada Italian 0.718 0.009 0.273
Ontario Grimsby 36 Grimsby Ontario Canada Italian 0.734 0.041 0.225
Ontario Grimsby 36 NA Ontario Canada Italian 0.766 0.011 0.224
BritishColumbia GrandForks NA GrandForks BritishColumbia Canada Mixed 0.77 0.043 0.187
BritishColumbia Rosedale NA NA BritishColumbia Canada NA 0.718 0.009 0.273
Ontario Grimsby 36 NA Ontario Canada Canadian 0.79 0.032 0.177
Ontario Grimsby 36 NA Ontario Canada Italian 0.827 0.016 0.157
BritishColumbia Rosedale NA NA BritishColumbia Canada NA 0.723 0.151 0.126
Ontario PortPerry 3 Guelph Ontario Canada NA 0.775 0.041 0.183
Ontario PortPerry 3 Guelph Ontario Canada NA 0.792 0.003 0.205
Ontario PortPerry 3 PortPerry Ontario Canada NA 0.769 0.025 0.206
Ontario PortPerry 3 PortPerry Ontario Canada NA 0.764 0.016 0.22
Ontario PortPerry 3 Sunderland Ontario Canada NA 0.756 0.11 0.134
Alberta Girouxville NA NA Alberta Canada NA 0.804 0.085 0.111
Ontario Smithsfalls 4 Westport Ontario Canada NA 0.782 0.031 0.187
Alberta Girouxville NA NA Alberta Canada NA 0.708 0.09 0.201
Ontario Smithsfalls 4 Westport Ontario Canada NA 0.732 0.098 0.17
Ontario Smithsfalls 4 Westport Ontario Canada NA 0.767 0.017 0.216
Ontario Smithsfalls 4 Westport Ontario Canada NA 0.735 0.159 0.106
Ontario Ottawa 4 Haweksbury Ontario Canada NA 0.782 0.051 0.167
Alberta Girouxville NA NA Alberta Canada NA 0.78 0.013 0.207
Ontario Ottawa 4 ReinsMoreau Quebec Canada NA 0.815 0.014 0.171
Ontario Ottawa 4 Ottawa Ontario Canada Italian 0.734 0.07 0.196
Ontario Ottawa 4 ReinsMoreau Quebec Canada NA 0.774 0.02 0.206
Alberta Girouxville NA NA Alberta Canada NA 0.748 0.019 0.233
Alberta Girouxville NA NA Alberta Canada NA 0.703 0.033 0.265
Ontario Trenton 1 Trenton Ontario Canada NA 0.812 0.007 0.181
Ontario Trenton 1 Trenton Ontario Canada NA 0.797 0.018 0.185
Alberta Girouxville NA NA Alberta Canada NA 0.811 0.064 0.125
Ontario Jasper 1 Newboro Ontario Canada NA 0.674 0.223 0.103
Ontario Munster 12 Munster Ontario Canada Italian 0.877 0.038 0.084
Ontario Munster 12 Munster Ontario Canada Italian 0.868 0.043 0.089
Ontario Munster 12 Joycville Ontario Canada Buckfast 0.736 0.071 0.193
Ontario Munster 12 Joycville Ontario Canada Italian 0.825 0.002 0.173
Ontario Munster 12 Joycville Ontario Canada Italian 0.819 0.006 0.176
Alberta Grimshaw NA NA Alberta Canada NA 0.745 0.15 0.105
Ontario Munster 12 Joycville Ontario Canada Italian 0.625 0.101 0.274
Ontario London 18 London Ontario Canada Buckfast 0.785 0.008 0.207
Ontario London 18 London Ontario Canada Buckfast 0.785 0.027 0.188
Ontario London 18 London Ontario Canada Buckfast 0.706 0.062 0.232
Ontario London 18 London Ontario Canada Buckfast 0.686 0.088 0.226
Ontario London 18 London Ontario Canada Buckfast 0.698 0.091 0.211
Ontario London 18 London Ontario Canada Buckfast 0.738 0.056 0.206
Ontario RichardsLanding 7 RichdardsLanding Ontario Canada Italian/Carniola 0.696 0.047 0.257
Ontario RichardsLanding 7 MantioulinIsland Ontario Canada Italian 0.772 0.027 0.201
Ontario RichardsLanding 7 MantioulinIsland Ontario Canada Italian 0.734 0.05 0.217
Alberta Grimshaw NA NA Alberta Canada NA 0.716 0.097 0.187
Ontario RichardsLanding 7 RichdardsLanding Ontario Canada Italian/Carniola 0.682 0.17 0.148
Ontario RichardsLanding 7 RichdardsLanding Ontario Canada Italian/Carniola 0.726 0.146 0.128
Ontario RichardsLanding 7 RichdardsLanding Ontario Canada Italian/Carniola 0.653 0.066 0.28
Ontario Beamsville 4 Waterdown Ontario Canada NA 0.795 0.02 0.185
Ontario Beamsville 4 Guelph Ontario Canada NA 0.804 0.003 0.194
Ontario Beamsville 4 Beamsville Ontario Canada NA 0.767 0.104 0.129
Ontario Beamsville 4 Beamsville Ontario Canada NA 0.826 0.02 0.154
Ontario Eganville 52 Eganville Ontario Canada Italian 0.677 0.074 0.25
BritishColumbia GrandForks NA GrandForks BritishColumbia Canada Mixed 0.711 0.014 0.275
Alberta Brooks NA NA Alberta Canada NA 0.724 0.051 0.225
Ontario Eganville 52 Eganville Ontario Canada Italian 0.795 0.003 0.202
Ontario Eganville 52 Eganville Ontario Canada Italian 0.81 0.022 0.168
Ontario Eganville 52 Eganville Ontario Canada Italian 0.803 0.027 0.169
Ontario Eganville 52 Eganville Ontario Canada Italian 0.788 0.006 0.206
Ontario Eganville 52 Eganville Ontario Canada Italian 0.752 0.064 0.183
BritishColumbia Abbotsford NA NA BritishColumbia Canada NA 0.757 0.092 0.151
Alberta Edmonton 2 Edmonton Alberta Canada Italian 0.797 0.047 0.156
Alberta Edmonton 2 Edmonton Alberta Canada Italian 0.725 0.026 0.249
Ontario Chatsworth 700 Chatsworth Ontario Canada Mixed 0.819 0.01 0.171
Ontario Chatsworth 700 Chatsworth Ontario Canada Mixed 0.75 0.022 0.228
Ontario Chatsworth 700 Chatsworth Ontario Canada Mixed 0.717 0.053 0.23
Alberta Brooks NA NA Alberta Canada NA 0.604 0.124 0.272
Ontario Chatsworth 700 Chatsworth Ontario Canada Mixed 0.72 0.061 0.219
Ontario Chatsworth 700 Chatsworth Ontario Canada Mixed 0.746 0.009 0.246
Ontario Chatsworth 700 Chatsworth Ontario Canada Mixed 0.726 0.047 0.227
Alberta Grimshaw NA NA Alberta Canada NA 0.825 0.01 0.164
Alberta Grimshaw NA NA Alberta Canada NA 0.782 0.092 0.126
Ontario Harrowsmith 14 NA NA NA NA 0.74 0.161 0.099
Ontario Harrowsmith 14 PortHope Ontario Canada NA 0.756 0.037 0.206
BritishColumbia Abbotsford NA NA BritishColumbia Canada NA 0.732 0.01 0.258
Ontario Harrowsmith 14 RideauLakes Ontario Canada NA 0.636 0.1 0.265
Ontario Harrowsmith 14 Harrowsmith Ontario Canada Buckfast 0.714 0.11 0.176
Ontario Harrowsmith 14 WolfeIsland Ontario Canada NA 0.698 0.117 0.185
Ontario Athens 3 Athens Ontario Canada Italian 0.599 0.127 0.274
Ontario Athens 3 Athens Ontario Canada Italian 0.694 0.093 0.212
Ontario Athens 3 Lyn Ontario Canada Italian 0.773 0.006 0.221
Ontario Athens 3 Lyn Ontario Canada Italian 0.791 0.007 0.202
Ontario Athens 3 Lyn Ontario Canada Italian 0.634 0.027 0.34
Ontario Athens 3 Lyn Ontario Canada Italian 0.613 0.137 0.25
Alberta Brooks NA NA Alberta Canada NA 0.663 0.102 0.235
Ontario London 1 London Ontario Canada Buckfast 0.715 0.155 0.13
Quebec Cantley 1 NA Quebec Canada Italian 0.687 0.02 0.293
Alberta Grimshaw NA NA Alberta Canada NA 0.767 0.024 0.209
Ontario ThunderBay 12 ThunderBay Ontario Canada NA 0.685 0.084 0.232
Ontario ThunderBay 12 ThunderBay Ontario Canada NA 0.785 0.005 0.21
Ontario ThunderBay 12 Nolalu Ontario Canada NA 0.568 0.133 0.299
Ontario ThunderBay 12 Nolalu Ontario Canada NA 0.767 0.027 0.206
Ontario ThunderBay 12 Nolalu Ontario Canada NA 0.665 0.166 0.169
Ontario ThunderBay 12 ThunderBay Ontario Canada NA 0.816 0.046 0.138
Ontario Hensall NA Hensall Ontario Canada Buckfast 0.749 0.022 0.229
Ontario Hensall NA Hensall Ontario Canada Buckfast 0.741 0.003 0.256
Ontario Hensall NA Hensall Ontario Canada Buckfast 0.757 0.119 0.124
Alberta Brooks NA NA Alberta Canada NA 0.659 0.132 0.21
Ontario Hensall NA Hensall Ontario Canada Buckfast 0.661 0.301 0.039
Ontario Hensall NA Hensall Ontario Canada Buckfast 0.741 0.079 0.18
Ontario Hensall NA Hensall Ontario Canada Buckfast 0.698 0.106 0.196
BritishColumbia Abbotsford NA NA BritishColumbia Canada NA 0.693 0.08 0.226
Ontario Toronto 1 PortHope Ontario Canada Italian 0.691 0.169 0.139
Ontario Toronto 2 PortHope Ontario Canada Italian 0.824 0.037 0.139
Ontario Toronto 3 PortHope Ontario Canada Italian 0.749 0.133 0.118
Ontario Toronto 4 PortHope Ontario Canada Italian 0.755 0.073 0.172
Ontario Toronto 5 PortHope Ontario Canada Italian 0.747 0.095 0.158
BritishColumbia GrandForks NA GrandForks BritishColumbia Canada Mixed 0.767 0.159 0.074
Alberta Grimshaw NA NA Alberta Canada NA 0.823 0.009 0.168
Ontario Toronto 6 PortHope Ontario Canada Italian 0.681 0.137 0.182
Ontario Markdale 11 Chatsworth Ontario Canada Mixed 0.681 0.082 0.237
Ontario Markdale 11 Chatsworth Ontario Canada Mixed 0.769 0.049 0.182
Ontario Markdale 11 Chatsworth Ontario Canada Mixed 0.683 0.098 0.219
Ontario Markdale 11 Chatsworth Ontario Canada Mixed 0.758 0.039 0.203
Ontario Markdale 11 Chatsworth Ontario Canada Mixed 0.736 0.036 0.229
Ontario Markdale 11 Chatsworth Ontario Canada Mixed 0.795 0.008 0.197
Ontario Bolton 3 Oro Ontario Canada NA 0.682 0.162 0.157
Alberta Girouxville NA NA Alberta Canada NA 0.77 0.01 0.22
Ontario Bolton 3 Oro Ontario Canada NA 0.844 0.003 0.152
Ontario Bolton 3 Guelph Ontario Canada NA 0.756 0.151 0.092
Ontario Toronto 4 Napanee Ontario Canada NA 0.741 0.011 0.248
Ontario Toronto 4 Toronto Ontario Canada NA 0.7 0.096 0.204
Ontario Toronto 4 Toronto Ontario Canada NA 0.734 0.092 0.174
Ontario Toronto 4 Napanee Ontario Canada NA 0.766 0.009 0.225
BritishColumbia SalmonArm 4 NA NA NA NA 0.702 0.077 0.22
Alberta Girouxville NA NA Alberta Canada NA 0.82 0.005 0.175
BritishColumbia SalmonArm 4 NA NA NA NA 0.723 0.115 0.162
BritishColumbia SalmonArm 4 NA NA NA NA 0.75 0.099 0.152
BritishColumbia SalmonArm 4 NA NA NA NA 0.785 0.093 0.122
Ontario Cookstown 90 Cookstown Ontario Canada Carniola 0.765 0.016 0.22
Ontario Cookstown 90 Cookstown Ontario Canada Carniola 0.781 0.004 0.216
Ontario Cookstown 90 Cookstown Ontario Canada Carniola 0.749 0.111 0.14
Ontario Cookstown 90 Cookstown Ontario Canada Carniola 0.774 0.097 0.129
Ontario Cookstown 90 Cookstown Ontario Canada Carniola 0.716 0.081 0.203
Alberta Grimshaw NA NA Alberta Canada NA 0.839 0.018 0.143
Ontario Cookstown 90 Cookstown Ontario Canada Carniola 0.703 0.018 0.28
Ontario Kinburn 4 Packenham Ontario Canada Italian 0.745 0.006 0.248
Ontario Kinburn 4 Packenham Ontario Canada Italian 0.721 0.097 0.182
Ontario Kinburn 4 Metcalfe Ontario Canada Italian 0.672 0.041 0.287
Ontario Kinburn 4 Metcalfe Ontario Canada Italian 0.684 0.011 0.305
Ontario Kinburn 4 Renfrew Ontario Canada Italian 0.826 0.02 0.154
Ontario Kinburn 4 Renfrew Ontario Canada Italian 0.772 0.018 0.21
Alberta Brooks NA NA Alberta Canada NA 0.735 0.093 0.172
Ontario Desbarats 2 NA California UnitedStates Carniola 0.713 0.117 0.17
Ontario Desbarats 2 NA California UnitedStates Carniola 0.737 0.066 0.197
Ontario Desbarats 2 NA California UnitedStates Carniola 0.663 0.204 0.133
Ontario Desbarats 2 NA California UnitedStates Carniola 0.673 0.047 0.28
Ontario Richmond 6 Richmond,ON Ontario Canada NA 0.874 0.042 0.084
Alberta Girouxville NA NA Alberta Canada NA 0.698 0.077 0.225
Ontario Richmond 6 Richmond Ontario Canada NA 0.789 0.121 0.09
Ontario Richmond 6 Richmond Ontario Canada NA 0.671 0.145 0.184
Ontario Richmond 6 Richmond Ontario Canada NA 0.736 0.023 0.242
Ontario Richmond 6 Richmond Ontario Canada NA 0.813 0.038 0.149
Ontario Richmond 6 Richmond Ontario Canada NA 0.728 0.163 0.109
Newfoundland BonneBay 2 LittleRapids Newfoundland Canada NA 0.79 0.019 0.191
Alberta Brooks NA NA Alberta Canada NA 0.685 0.004 0.311
Newfoundland BonneBay 2 LittleRapids Newfoundland Canada NA 0.7 0.108 0.192
Newfoundland GrandFalls 27 NA NA NA Carniola 0.735 0.002 0.263
Newfoundland GrandFalls 27 NA NA NA Carniola 0.663 0.058 0.279
Newfoundland GrandFalls 27 NA NA NA Carniola 0.679 0.175 0.146
Newfoundland GrandFalls 27 NA NA NA Carniola 0.747 0.028 0.225
Newfoundland GrandFalls 27 NA NA NA Carniola 0.652 0.125 0.224
Alberta Grimshaw NA NA Alberta Canada NA 0.683 0.054 0.263
NewBrunswick GrandBay-Westfield 3 UpperCoverdale NewBrunswick Canada NA 0.689 0.117 0.194
Alberta Grimshaw NA NA Alberta Canada NA 0.759 0.004 0.237
NewBrunswick GrandBay-Westfield 3 GrandBay-Westfield NewBrunswick Canada NA 0.712 0.031 0.257
NewBrunswick GrandBay-Westfield 3 NA NA NA NA 0.793 0.007 0.2
BritishColumbia PowellRiver 20 PowellRiver BritishColumbia Canada Mixed 0.765 0.105 0.13
BritishColumbia PowellRiver 20 PowellRiver BritishColumbia Canada Mixed 0.717 0.088 0.196
BritishColumbia PowellRiver 20 PowellRiver BritishColumbia Canada Mixed 0.716 0.032 0.252
BritishColumbia PowellRiver 20 PowellRiver BritishColumbia Canada Mixed 0.691 0.069 0.24
Alberta Brooks NA NA Alberta Canada NA 0.77 0.019 0.211
BritishColumbia PowellRiver 20 PowellRiver BritishColumbia Canada Mixed 0.693 0.011 0.296
Ontario RichmondHill 3 RichmondHill Ontario Canada Italian/Carniola 0.815 0.005 0.18
Ontario RichmondHill 3 RichmondHill Ontario Canada Italian/Carniola 0.641 0.089 0.271
BritishColumbia GrandForks NA GrandForks BritishColumbia Canada Mixed 0.735 0.226 0.039
BritishColumbia Rosedale NA NA BritishColumbia Canada NA 0.706 0.068 0.226
Ontario RichmondHill 3 RichmondHill Ontario Canada Italian/Carniola 0.709 0.005 0.285
Saskatchewan Clavet NA NA NA NA NA 0.82 0.003 0.177
BritishColumbia Rosedale NA NA BritishColumbia Canada NA 0.772 0.003 0.225
Saskatchewan Clavet NA NA NA NA NA 0.758 0.005 0.236
Saskatchewan Clavet NA NA NA NA NA 0.833 0.046 0.121
Saskatchewan Clavet NA NA NA NA NA 0.714 0.221 0.064
Saskatchewan Clavet NA NA NA NA NA 0.739 0.031 0.23
Saskatchewan Clavet NA NA NA NA NA 0.773 0.013 0.213
Alberta Brooks NA NA Alberta Canada NA 0.659 0.014 0.327
Ontario Portland 200 NA NA NA Italian 0.558 0.189 0.252
Ontario Portland 200 NA NA NA Italian 0.626 0.092 0.282
Ontario Portland 200 NA NA NA Italian 0.692 0.145 0.163
Ontario Portland 200 Portland Ontario Canada Italian 0.652 0.021 0.327
Ontario Portland 200 NA NA NA Italian 0.736 0.011 0.253
Ontario Portland 200 NA NA NA Italian 0.745 0.005 0.25
Alberta FortMacleod NA NA Alberta Canada NA 0.828 0.161 0.011
Alberta Scandia NA NA Alberta Canada NA 0.68 0.004 0.316
Saskatchewan PrinceAlbert 86 PrinceAlbert Saskatchewan Canada Canadian 0.771 0.088 0.141
Saskatchewan PrinceAlbert 86 PrinceAlbert Saskatchewan Canada Mixed 0.846 0.116 0.038
Saskatchewan PrinceAlbert 86 PrinceAlbert Saskatchewan Canada Canadian 0.791 0.133 0.076
Alberta Brooks NA NA Alberta Canada NA 0.628 0.201 0.171
Saskatchewan PrinceAlbert 86 PrinceAlbert Saskatchewan Canada Canadian 0.81 0.004 0.185
Saskatchewan PrinceAlbert 86 PrinceAlbert Saskatchewan Canada Canadian 0.762 0.071 0.167
Saskatchewan PrinceAlbert 86 PrinceAlbert Saskatchewan Canada Mixed 0.821 0.153 0.026
Saskatchewan PrinceAlbert 86 BigRiver Saskatchewan Canada Canadian 0.867 0.004 0.129
Saskatchewan PrinceAlbert 86 BigRiver Saskatchewan Canada Canadian 0.786 0.002 0.212
Saskatchewan PrinceAlbert 86 Estonia Saskatchewan Canada Canadian 0.838 0.078 0.084
Saskatchewan PrinceAlbert 86 Estonia Saskatchewan Canada Canadian 0.733 0.028 0.239
Saskatchewan PrinceAlbert 86 Estonia Saskatchewan Canada Canadian 0.76 0.058 0.183
Saskatchewan PrinceAlbert 86 Estonia Saskatchewan Canada Canadian 0.812 0.002 0.186
Saskatchewan PrinceAlbert 86 Melfort Saskatchewan Canada Canadian 0.791 0.005 0.204
Alberta FortMacleod NA NA Alberta Canada NA 0.725 0.018 0.257
Saskatchewan PrinceAlbert 86 Melfort Saskatchewan Canada Canadian 0.856 0.006 0.137
Saskatchewan PrinceAlbert 86 Melfort Saskatchewan Canada Canadian 0.715 0.023 0.261
Saskatchewan PrinceAlbert 86 Melfort Saskatchewan Canada Canadian 0.786 0.014 0.2
Saskatchewan PrinceAlbert 86 Melfort Saskatchewan Canada Canadian 0.836 0.138 0.026
Saskatchewan PrinceAlbert 86 Melfort Saskatchewan Canada Canadian 0.767 0.083 0.15
Saskatchewan PrinceAlbert 86 Estonia Saskatchewan Canada Canadian 0.711 0.097 0.192
Saskatchewan PrinceAlbert 86 Estonia Saskatchewan Canada Canadian 0.885 0.003 0.112
Saskatchewan PrinceAlbert 86 Estonia Saskatchewan Canada Canadian 0.681 0.151 0.168
Saskatchewan PrinceAlbert 86 Estonia Saskatchewan Canada Canadian 0.761 0.021 0.218
Saskatchewan PrinceAlbert 86 Estonia Saskatchewan Canada Canadian 0.818 0.006 0.176
Alberta FortMacleod NA NA Alberta Canada NA 0.75 0.004 0.246
Saskatchewan PrinceAlbert 86 Estonia Saskatchewan Canada Canadian 0.713 0.011 0.276
Alberta Scandia NA NA Alberta Canada NA 0.628 0.121 0.251
BritishColumbia Rosedale NA NA BritishColumbia Canada NA 0.795 0.086 0.119
BritishColumbia GrandForks NA GrandForks BritishColumbia Canada Mixed 0.828 0.062 0.11
Alberta Scandia NA NA Alberta Canada NA 0.651 0.09 0.259
BritishColumbia Armstrong NA NA BritishColumbia Canada NA 0.769 0.028 0.203
BritishColumbia Armstrong NA NA BritishColumbia Canada NA 0.711 0.004 0.285
Alberta Scandia NA NA Alberta Canada NA 0.784 0.01 0.206
BritishColumbia Armstrong NA NA BritishColumbia Canada NA 0.768 0.007 0.225
Alberta Beaverlodge NA NA Alberta Canada NA 0.675 0.026 0.298
Alberta Beaverlodge NA NA Alberta Canada NA 0.751 0.055 0.194
Alberta Beaverlodge NA NA Alberta Canada NA 0.605 0.144 0.252
Alberta FortMacleod NA NA Alberta Canada NA 0.634 0.15 0.216
Alberta FortMacleod NA NA Alberta Canada NA 0.666 0.158 0.176
BritishColumbia GrandForks NA GrandForks BritishColumbia Canada Mixed 0.749 0.063 0.188
BritishColumbia Surrey 3 Surrey BritishColumbia Canada NA 0.743 0.024 0.233
Manitoba Brandon NA NA NA NA NA 0.683 0.046 0.271
BritishColumbia Surrey 3 Surrey BritishColumbia Canada NA 0.864 0.031 0.104
Manitoba Brandon NA NA NA NA NA 0.733 0.034 0.233
Manitoba Brandon NA NA NA NA NA 0.718 0.131 0.151
Manitoba Brandon NA NA NA NA NA 0.754 0.118 0.128
Manitoba Brandon NA NA NA NA NA 0.803 0.058 0.138
Manitoba Brandon NA NA NA NA NA 0.825 0.013 0.162
Ontario Toronto 5 PortHope Ontario Canada Italian 0.681 0.144 0.175
Manitoba Roblin NA NA NA NA NA 0.759 0.016 0.226
Ontario Toronto 5 PortHope Ontario Canada Italian 0.741 0.077 0.182
Manitoba Roblin NA NA NA NA NA 0.83 0.01 0.16
Ontario Toronto 5 PortHope Ontario Canada Italian 0.669 0.115 0.216
Manitoba Roblin NA NA NA NA NA 0.726 0.153 0.121
Ontario Toronto 5 PortHope Ontario Canada Italian 0.711 0.171 0.118
Manitoba Roblin NA NA NA NA NA 0.861 0.004 0.136
BritishColumbia GrandForks NA GrandForks BritishColumbia Canada Mixed 0.731 0.093 0.176
Ontario Toronto 5 PortHope Ontario Canada Italian 0.754 0.075 0.171
Manitoba Roblin NA NA NA NA NA 0.863 0.132 0.004
Ontario Toronto 5 PortHope Ontario Canada Italian 0.691 0.004 0.305
Manitoba Roblin NA NA NA NA NA 0.827 0.03 0.143
BritishColumbia Whitecroft 6 Whitecroft BritishColumbia Canada Italian 0.735 0.044 0.221
Manitoba Brandon NA NA NA NA NA 0.883 0.027 0.09
BritishColumbia Whitecroft 6 Whitecroft BritishColumbia Canada Italian 0.711 0.014 0.275
Manitoba Brandon NA NA NA NA NA 0.718 0.18 0.102
BritishColumbia Whitecroft 6 Whitecroft BritishColumbia Canada Italian 0.739 0.01 0.25
Manitoba Brandon NA NA NA NA NA 0.88 0.006 0.114
BritishColumbia Whitecroft 6 Whitecroft BritishColumbia Canada Italian 0.762 0.015 0.223
Manitoba Brandon NA NA NA NA NA 0.694 0.123 0.182
BritishColumbia Whitecroft 6 Whitecroft BritishColumbia Canada Italian 0.728 0.008 0.264
Manitoba Brandon NA NA NA NA NA 0.826 0.038 0.136
BritishColumbia Whitecroft 6 Whitecroft BritishColumbia Canada Italian 0.663 0.131 0.206
Manitoba Brandon NA NA NA NA NA 0.845 0.006 0.15
Quebec St.Norbert 36 St.Hyacinthe Quebec Canada Italian 0.744 0.094 0.161
Alberta Beaverlodge NA NA Alberta Canada Canadian 0.82 0.022 0.158
Quebec St.Norbert 37 St.Hyacinthe Quebec Canada Italian 0.634 0.07 0.296
Alberta Beaverlodge NA NA Alberta Canada Canadian 0.768 0.04 0.193
BritishColumbia GrandForks NA GrandForks BritishColumbia Canada Mixed 0.779 0.176 0.046
Quebec St.Norbert 38 St.Hyacinthe Quebec Canada Italian 0.755 0.006 0.239
Alberta Beaverlodge NA NA Alberta Canada Canadian 0.863 0.002 0.135
Quebec St.Norbert 39 St.Hyacinthe Quebec Canada Italian 0.832 0.004 0.163
Alberta Beaverlodge NA NA Alberta Canada Canadian 0.882 0.004 0.115
Quebec St.Norbert 40 St.Hyacinthe Quebec Canada Italian 0.734 0.091 0.175
Alberta Beaverlodge NA NA Alberta Canada Canadian 0.808 0.092 0.1
Quebec St.Norbert 41 St.Hyacinthe Quebec Canada Italian 0.618 0.186 0.195
Alberta Beaverlodge NA NA Alberta Canada Canadian 0.816 0.081 0.103
Quebec St-Henri 6 St-Henri Quebec Canada Italian 0.744 0.021 0.235
Alberta Beaverlodge NA NA Alberta Canada Canadian 0.725 0.033 0.242
Quebec St-Henri 6 St-Henri Quebec Canada Italian 0.623 0.198 0.179
Alberta Beaverlodge NA NA Alberta Canada Canadian 0.835 0.011 0.154
Quebec St-Henri 6 St-Henri Quebec Canada Italian 0.716 0.111 0.173
Alberta Beaverlodge NA NA Alberta Canada Canadian 0.848 0.012 0.14
Quebec St-Henri 6 St-Henri Quebec Canada Italian 0.751 0.012 0.237
Alberta Beaverlodge NA NA Alberta Canada Canadian 0.8 0.003 0.197
Quebec St-Henri 6 St-Henri Quebec Canada Italian 0.678 0.142 0.18
Alberta Beaverlodge NA NA Alberta Canada Canadian 0.794 0.057 0.149
Quebec St-Henri 6 St-Henri Quebec Canada Italian 0.72 0.029 0.251
Alberta Beaverlodge NA NA Alberta Canada Canadian 0.748 0.015 0.237
BritishColumbia GrandForks NA GrandForks BritishColumbia Canada Mixed 0.764 0.002 0.234
NewBrunswick BoundaryCreek 11 Salisbury NewBrunswick Canada NA 0.655 0.155 0.189
NewBrunswick BoundaryCreek 11 Salisbury NewBrunswick Canada NA 0.714 0.011 0.275
NewBrunswick BoundaryCreek 11 Dieppe NewBrunswick Canada Mixed 0.757 0.116 0.127
NewBrunswick BoundaryCreek 11 BounaryCreek NewBrunswick Canada Mixed 0.72 0.158 0.122
NewBrunswick BoundaryCreek 11 Salisbury NewBrunswick Canada NA 0.812 0.058 0.13
NewBrunswick BoundaryCreek 11 Salisbury NewBrunswick Canada NA 0.698 0.057 0.244
NovaScotia McKaySiding 3 McKaySiding NovaScotia Canada NA 0.824 0.003 0.173
NovaScotia McKaySiding 3 NA Hawaii UnitedStates NA 0.76 0.077 0.164
BritishColumbia GrandForks NA GrandForks BritishColumbia Canada Mixed 0.697 0.017 0.286
BritishColumbia GrandForks NA GrandForks BritishColumbia Canada Mixed 0.843 0.014 0.143
NovaScotia McKaySiding 3 NA Hawaii UnitedStates NA 0.759 0.046 0.195
BritishColumbia GrandForks NA GrandForks BritishColumbia Canada Mixed 0.757 0.018 0.225
BritishColumbia CacheCreek 10 GulfIslands BritishColumbia Canada Italian 0.736 0.102 0.162
BritishColumbia CacheCreek 10 GulfIslands BritishColumbia Canada Italian 0.726 0.077 0.197
BritishColumbia CacheCreek 10 Ashcroft BritishColumbia Canada Italian 0.648 0.127 0.225
BritishColumbia CacheCreek 10 Ashcroft BritishColumbia Canada Italian 0.65 0.081 0.268
BritishColumbia CacheCreek 10 Ashcroft BritishColumbia Canada Italian 0.74 0.109 0.151
BritishColumbia CacheCreek 10 Ashcroft BritishColumbia Canada Italian 0.56 0.099 0.341
BritishColumbia GrandForks NA GrandForks BritishColumbia Canada Mixed 0.86 0.007 0.134
BritishColumbia PrinceGeorge 2 Kona Hawaii UnitedStates Kona 0.739 0.069 0.192
BritishColumbia PrinceGeorge 2 Kona Hawaii UnitedStates Kona 0.724 0.051 0.225
BritishColumbia GrandForks NA GrandForks BritishColumbia Canada Mixed 0.88 0.016 0.104
BritishColumbia Terrace 40 NA NA NewZealand Italian 0.822 0.003 0.175
BritishColumbia Terrace 40 NA NA NewZealand Italian 0.838 0.002 0.16
BritishColumbia Terrace 40 NA NA NewZealand Carniola 0.842 0.017 0.14
BritishColumbia Terrace 40 NA NA NewZealand Carniola 0.834 0.007 0.159
BritishColumbia Terrace 40 NA NA NewZealand Carniola 0.885 0.007 0.108
BritishColumbia Terrace 40 NA NA NewZealand Carniola 0.84 0.005 0.155
Manitoba Neepawa 10 NA Manitoba Canada Italian/Carniola 0.906 0.002 0.093
Manitoba Neepawa 10 NA Manitoba Canada Italian/Carniola 0.901 0.056 0.043
BritishColumbia GrandForks NA GrandForks BritishColumbia Canada Mixed 0.793 0.047 0.16
Manitoba Neepawa 10 NA Manitoba Canada Italian/Carniola 0.802 0.17 0.028
Manitoba Neepawa 10 NA Manitoba Canada Italian/Carniola 0.807 0.101 0.092
Manitoba Neepawa 10 NA Manitoba Canada Italian/Carniola 0.608 0.135 0.256
Manitoba Neepawa 10 NA Manitoba Canada Italian/Carniola 0.848 0.1 0.052
Ontario Toronto 2 Newmarket Ontario Canada Carniola 0.72 0.017 0.263
Ontario Toronto 2 Newmarket Ontario Canada Carniola 0.797 0.005 0.198
Ontario Toronto 2 Newmarket Ontario Canada Italian 0.822 0.02 0.158
Ontario Toronto 2 Newmarket Ontario Canada Carniola 0.807 0.008 0.185
Ontario Toronto 2 Newmarket Ontario Canada Italian 0.745 0.003 0.252
Ontario Toronto 2 Newmarket Ontario Canada Italian 0.726 0.057 0.217
BritishColumbia GrandForks NA GrandForks BritishColumbia Canada Mixed 0.794 0.016 0.19
BritishColumbia 108Ranch 3 Armstrong BritishColumbia Canada NA 0.731 0.135 0.135
BritishColumbia 108Ranch 3 Armstrong BritishColumbia Canada NA 0.669 0.097 0.234
BritishColumbia GrandForks NA GrandForks BritishColumbia Canada Mixed 0.761 0.023 0.216
BritishColumbia 108Ranch 3 Armstrong BritishColumbia Canada NA 0.603 0.158 0.239
BritishColumbia GrandForks NA GrandForks BritishColumbia Canada Mixed 0.826 0.027 0.147
BritishColumbia GrandForks NA GrandForks BritishColumbia Canada Mixed 0.791 0.066 0.144
Yukon Whitehorse 4 NA NA NewZealand Carniola 0.837 0.007 0.156
Yukon Whitehorse 4 NA NA NewZealand Carniola 0.8 0.006 0.195
Yukon Whitehorse 4 ThunderBay Yukon Canada Carniola 0.772 0.092 0.136
Yukon Whitehorse 4 ThunderBay Yukon Canada Carniola 0.76 0.199 0.041
Yukon Whitehorse 4 NA Hawaii UnitedStates Carniola 0.643 0.152 0.205
Yukon Whitehorse 4 NA NA NewZealand Carniola 0.758 0.005 0.238
Quebec IsleauxCoudres NA NA Quebec Canada Mixed 0.709 0.161 0.13
Quebec IsleauxCoudres NA St.JeansurRichelieu Quebec Canada Mixed 0.683 0.093 0.224
Quebec IsleauxCoudres NA St.JeansurRichelieu Quebec Canada Mixed 0.754 0.008 0.238
Quebec IsleauxCoudres NA St.JeansurRichelieu Quebec Canada Mixed 0.648 0.027 0.325
BritishColumbia GrandForks NA GrandForks BritishColumbia Canada Mixed 0.745 0.007 0.249
Quebec IsleauxCoudres NA St.JeansurRichelieu Quebec Canada Mixed 0.711 0.021 0.269
Quebec IsleauxCoudres NA St.JeansurRichelieu Quebec Canada Mixed 0.726 0.046 0.228
NewBrunswick Tabusintac 150 NA NA NA NA 0.736 0.056 0.207
NewBrunswick Tabusintac 150 NA NA NA NA 0.827 0.005 0.168
NewBrunswick Tabusintac 150 NA NA NA NA 0.782 0.004 0.214
BritishColumbia Kamloops 4 Kamloops BritishColumbia Canada Italian 0.725 0.013 0.262
BritishColumbia Kamloops 4 Kamloops BritishColumbia Canada Italian 0.782 0.027 0.191
BritishColumbia GrandForks NA GrandForks BritishColumbia Canada Mixed 0.719 0.044 0.237
BritishColumbia GrandForks NA GrandForks BritishColumbia Canada Mixed 0.735 0.065 0.2
BritishColumbia Kamloops 4 Kamloops BritishColumbia Canada Italian 0.756 0.106 0.138
BritishColumbia Kamloops 4 Kamloops BritishColumbia Canada Italian 0.835 0.005 0.16
BritishColumbia Kamloops 4 Kamloops BritishColumbia Canada Italian 0.819 0.041 0.139
BritishColumbia Kamloops 4 Kamloops BritishColumbia Canada Italian 0.831 0.031 0.138
NewBrunswick NearFredricton 1 Sunbury NewBrunswick Canada Italian 0.622 0.042 0.336
NewBrunswick NearFredricton 1 Sunbury NewBrunswick Canada Italian 0.773 0.049 0.177
BritishColumbia GrandForks NA GrandForks BritishColumbia Canada Mixed 0.666 0.21 0.124
NewBrunswick Charlo 10 Charlo NewBrunswick Canada Californian 0.822 0.025 0.152
NewBrunswick Charlo 10 Charlo NewBrunswick Canada Californian 0.794 0.035 0.17
NewBrunswick Charlo 10 Charlo NewBrunswick Canada NA 0.781 0.035 0.184
NewBrunswick Charlo 10 Charlo NewBrunswick Canada NA 0.751 0.005 0.244
NewBrunswick Charlo 10 Charlo NewBrunswick Canada NA 0.666 0.203 0.131
NewBrunswick Charlo 10 Charlo NewBrunswick Canada NA 0.662 0.154 0.183
NewBrunswick Fredericton 9 NA NewBrunswick Canada NA 0.774 0.02 0.206
NewBrunswick Fredericton 9 NA NewBrunswick Canada NA 0.751 0.009 0.24
NewBrunswick Fredericton 9 NA NewBrunswick Canada NA 0.744 0.118 0.138
NewBrunswick Fredericton 9 NA NewBrunswick Canada NA 0.719 0.138 0.143
BritishColumbia GrandForks NA GrandForks BritishColumbia Canada Mixed 0.739 0.011 0.25
NewBrunswick Fredericton 9 NA NewBrunswick Canada NA 0.752 0.023 0.225
NewBrunswick Fredericton 9 NA NewBrunswick Canada Californian 0.779 0.059 0.162
BritishColumbia GrandForks NA GrandForks BritishColumbia Canada Mixed 0.624 0.215 0.161
BritishColumbia GrandForks NA GrandForks BritishColumbia Canada Mixed 0.747 0.011 0.242
BritishColumbia 100MileHouse 6 100MileHouse BritishColumbia Canada NA 0.696 0.097 0.208
BritishColumbia 100MileHouse 6 100MileHouse BritishColumbia Canada NA 0.754 0.031 0.215
BritishColumbia 100MileHouse 6 100MileHouse BritishColumbia Canada NA 0.681 0.018 0.301
BritishColumbia 100MileHouse 6 100MileHouse BritishColumbia Canada NA 0.667 0.08 0.252
BritishColumbia GrandForks NA GrandForks BritishColumbia Canada Mixed 0.726 0.011 0.263
BritishColumbia 100MileHouse 6 100MileHouse BritishColumbia Canada NA 0.657 0.109 0.234
BritishColumbia 100MileHouse 6 100MileHouse BritishColumbia Canada NA 0.76 0.008 0.233
BritishColumbia PrinceGeorge 50 Kona Hawaii UnitedStates Carniola 0.732 0.105 0.162
BritishColumbia PrinceGeorge 50 PrinceGeorge BritishColumbia Canada Italian 0.717 0.009 0.274
BritishColumbia PrinceGeorge 50 PrinceGeorge BritishColumbia Canada Italian 0.696 0.155 0.15
BritishColumbia PrinceGeorge 50 NA BritishColumbia Canada Mixed 0.733 0.101 0.166
BritishColumbia PrinceGeorge 50 NA BritishColumbia Canada Mixed 0.713 0.028 0.259
NewBrunswick Knowlesville 4 Woodstock NewBrunswick Canada Italian 0.77 0.002 0.228
NewBrunswick Knowlesville 4 Woodstock NewBrunswick Canada Italian 0.603 0.171 0.226
BritishColumbia GrandForks NA GrandForks BritishColumbia Canada Mixed 0.782 0.022 0.196
NewBrunswick Knowlesville 4 NA California UnitedStates NA 0.747 0.023 0.23
Ontario Toronto 2 Toronto Ontario Canada Italian 0.742 0.006 0.252
Ontario Toronto 2 Toronto Ontario Canada Italian 0.784 0.003 0.213
Ontario Toronto 2 Toronto Ontario Canada Italian 0.661 0.193 0.146
Ontario Toronto 2 Toronto Ontario Canada Italian 0.64 0.152 0.208
BritishColumbia GrandForks NA GrandForks BritishColumbia Canada Mixed 0.764 0.019 0.217
NewBrunswick YohoLake 6 YohoLake NewBrunswick Canada Italian/Carniola 0.646 0.113 0.242
NewBrunswick YohoLake 6 YohoLake NewBrunswick Canada Italian/Carniola 0.73 0.099 0.17
NewBrunswick YohoLake 6 YohoLake NewBrunswick Canada Italian/Carniola 0.664 0.152 0.183
NewBrunswick YohoLake 6 YohoLake NewBrunswick Canada Italian/Carniola 0.729 0.057 0.214
NovaScotia Shubenacadie 70 Elderbank NovaScotia Canada Italian 0.739 0.134 0.128
NovaScotia Shubenacadie 70 Elderbank NovaScotia Canada Italian 0.674 0.185 0.141
NovaScotia Shubenacadie 70 Chasewood NovaScotia Canada Italian 0.789 0.003 0.208
NovaScotia Shubenacadie 70 Chasewood NovaScotia Canada Italian 0.673 0.019 0.308
BritishColumbia GrandForks NA GrandForks BritishColumbia Canada Mixed 0.777 0.026 0.197
NovaScotia Shubenacadie 70 HartsCounty NovaScotia Canada Italian 0.729 0.055 0.216
NovaScotia Shubenacadie 70 HartsCounty NovaScotia Canada Italian 0.753 0.004 0.243
BritishColumbia Kamloops 2 Kamloops BritishColumbia Canada Italian 0.785 0.008 0.207
BritishColumbia GrandForks NA GrandForks BritishColumbia Canada Mixed 0.69 0.219 0.092
BritishColumbia Kamloops 2 Kamloops BritishColumbia Canada Italian 0.82 0.002 0.178
Manitoba Miami 900 NA California UnitedStates Carniola 0.889 0.036 0.075
Manitoba Miami 900 NA California UnitedStates Carniola 0.839 0.016 0.145
Manitoba Miami 900 NA California UnitedStates Carniola 0.891 0.009 0.1
Manitoba Miami 900 NA California UnitedStates Carniola 0.734 0.099 0.167
Manitoba Miami 900 NA California UnitedStates Carniola 0.676 0.156 0.168
Manitoba Miami 900 NA California UnitedStates Carniola 0.846 0.032 0.122
BritishColumbia GrandForks NA GrandForks BritishColumbia Canada Mixed 0.791 0.006 0.203
BritishColumbia GrandForks NA GrandForks BritishColumbia Canada Mixed 0.698 0.058 0.245
Ontario Sharon 34 NA NA NA Italian 0.757 0.149 0.094
Ontario Sharon 34 Sharon Ontario Canada Italian 0.736 0.026 0.239
Ontario Sharon 34 BlueMountain Ontario Canada Italian/Carniola 0.773 0.004 0.223
Ontario Sharon 34 Uxbridge Ontario Canada Italian 0.837 0.014 0.149
Ontario Sharon 34 NA California UnitedStates Italian 0.761 0.169 0.07
Ontario Sharon 34 Sharon Ontario Canada Italian/Carniola 0.665 0.066 0.269
NewBrunswick St.Andrews 2 Geary NewBrunswick Canada Italian 0.705 0.076 0.22
NewBrunswick St.Andrews 2 St.Andrews NewBrunswick Canada Italian 0.722 0.004 0.273
BritishColumbia GrandForks NA GrandForks BritishColumbia Canada Mixed 0.622 0.078 0.3
NovaScotia PortHowe 75 PortHowe NovaScotia Canada Carniola/Russian 0.73 0.032 0.237
NovaScotia PortHowe 75 PortHowe NovaScotia Canada Carniola/Russian 0.807 0.012 0.181
BritishColumbia GrandForks NA GrandForks BritishColumbia Canada Mixed 0.738 0.111 0.151
NovaScotia PortHowe 75 PortHowe NovaScotia Canada Carniola/Russian 0.641 0.223 0.135
NovaScotia PortHowe 75 PortHowe NovaScotia Canada Carniola/Russian 0.721 0.056 0.223
NovaScotia PortHowe 75 PortHowe NovaScotia Canada Carniola/Russian 0.671 0.126 0.203
NovaScotia PortHowe 75 NA BritishColumbia Canada Carniola/Russian 0.725 0.058 0.217
BritishColumbia Kamloops 25 NA NA NA NA 0.825 0.006 0.169
BritishColumbia Kamloops 25 NA NA NA NA 0.814 0.066 0.121
BritishColumbia Kamloops 25 NA NA NA NA 0.772 0.084 0.144
BritishColumbia Kamloops 25 NA NA NA NA 0.711 0.054 0.236
BritishColumbia GrandForks NA GrandForks BritishColumbia Canada Mixed 0.756 0.002 0.243
NewBrunswick Pearsonville 75 NA NewBrunswick Canada Italian 0.656 0.105 0.239
NewBrunswick Pearsonville 76 NA NewBrunswick Canada Italian 0.681 0.079 0.24
NewBrunswick Pearsonville 77 NA NewBrunswick Canada Italian 0.725 0.174 0.1
NewBrunswick Pearsonville 78 NA NewBrunswick Canada Italian 0.755 0.005 0.24
BritishColumbia GrandForks NA GrandForks BritishColumbia Canada Mixed 0.744 0.117 0.139
NewBrunswick Pearsonville 79 NA NewBrunswick Canada Italian 0.782 0.014 0.204
NewBrunswick Pearsonville 80 NA NewBrunswick Canada Italian 0.677 0.158 0.166
Quebec St-JeanBaptiste 300 St-JeanBaptiste Quebec Canada Carniola 0.679 0.226 0.094
Quebec St-JeanBaptiste 300 NA NA NewZealand Carniola 0.725 0.188 0.087
Quebec St-JeanBaptiste 300 St-JeanBaptiste Quebec Canada Italian 0.774 0.059 0.167
Quebec St-JeanBaptiste 300 St-JeanBaptiste Quebec Canada Italian 0.768 0.037 0.195
Quebec St-JeanBaptiste 300 St-JeanBaptiste Quebec Canada Italian 0.774 0.048 0.178
BritishColumbia GrandForks NA GrandForks BritishColumbia Canada Mixed 0.719 0.094 0.186
BritishColumbia GrandForks NA GrandForks BritishColumbia Canada Mixed 0.746 0.007 0.247
BritishColumbia Summerland NA NA Hawaii UnitedStates Italian 0.712 0.077 0.211
BritishColumbia Summerland NA Armstrong BritishColumbia Canada Italian 0.747 0.007 0.245
BritishColumbia Summerland NA Penticton BritishColumbia Canada Italian 0.706 0.213 0.081
BritishColumbia Summerland NA Kelowna BritishColumbia Canada Italian 0.759 0.08 0.161
BritishColumbia GrandForks NA GrandForks BritishColumbia Canada Mixed 0.733 0.115 0.152
BritishColumbia GrandForks NA GrandForks BritishColumbia Canada Mixed 0.756 0.081 0.163
Manitoba Morden 1000 Morden Manitoba Canada Caucasian 0.771 0.012 0.217
Manitoba Morden 1000 Morden Manitoba Canada Caucasian 0.679 0.169 0.152
Manitoba Morden 1000 Morden Manitoba Canada Caucasian 0.748 0.082 0.17
Manitoba Morden 1000 Morden Manitoba Canada Caucasian 0.814 0.004 0.182
Manitoba Morden 1000 Morden Manitoba Canada Caucasian 0.691 0.08 0.229
Manitoba Morden 1000 Morden Manitoba Canada Caucasian 0.714 0.082 0.204
BritishColumbia GrandForks NA GrandForks BritishColumbia Canada Mixed 0.806 0.002 0.193
Quebec Pointe-aux-Outardes 5 SaintCamille Quebec Canada Italian/Carniola 0.622 0.254 0.124
Quebec Pointe-aux-Outardes 5 Pointe-aux-Outardes Quebec Canada Italian/Carniola 0.669 0.038 0.292
Quebec Pointe-aux-Outardes 5 Pasadena Quebec Canada Italian/Carniola 0.69 0.054 0.255
Quebec Pointe-aux-Outardes 5 SaintCamille Quebec Canada Italian/Carniola 0.662 0.115 0.223
Quebec Pointe-aux-Outardes 5 Pointe-aux-Outardes Quebec Canada Italian/Carniola 0.633 0.095 0.272
NewBrunswick Peel 4 Peel NewBrunswick Canada NA 0.732 0.005 0.263
NewBrunswick Peel 4 Peel NewBrunswick Canada NA 0.596 0.154 0.25
NewBrunswick Peel 4 Peel NewBrunswick Canada NA 0.71 0.19 0.1
NewBrunswick Peel 4 Peel NewBrunswick Canada NA 0.779 0.002 0.219
BritishColumbia GrandForks NA GrandForks BritishColumbia Canada Mixed 0.771 0.005 0.225
